[[[0.0756082325358073, 0.07659681638081868, 0.07915266354878743, 0.08450512091318767, 0.07642125643310547, 0.0747679074605306, 0.06948153177897136, 0.06559403737386067, 0.06549493471781413, 0.06521085898081462], [0.02034131685892741, 0.020469864209493, 0.022633592287699383, 0.02609694004058838, 0.04219937324523926, 0.019278208414713543, 0.019598642985026043, 0.01919511953989665, 0.01576848824818929, 0.01620316505432129], [0.06653865178426106, 0.06448276837666829, 0.06781208515167236, 0.06753977139790852, 0.06718218326568604, 0.06081740061442057, 0.06891135374704997, 0.05992607275644938, 0.05660974979400635, 0.05926187833150228], [0.2998781204223633, 0.28731008370717365, 0.31819355487823486, 0.2952081759770711, 0.30543720722198486, 0.3001762231190999, 0.28645165761311847, 0.29993287722269696, 0.2818714777628581, 0.287714163462321], [0.013060490290323893, 0.015637636184692383, 0.02050459384918213, 0.01956442991892497, 0.021547714869181316, 0.016689777374267578, 0.014809727668762207, 0.015057841936747232, 0.011667331059773764, 0.015020489692687988], [0, 0, 0.380265752474467, 0.3569776217142741, 0.37829287846883136, 0, 0, 0, 0, 0.34629873434702557]]]
         |model 1|model 2|model 3|model 4|model 5|model 6|model 7|model 8|model 9|model10|
query 1: | 0.076 | 0.077 | 0.079 | 0.085 | 0.076 | 0.075 | 0.069 | 0.066 | 0.065 | 0.065 | 
query 2: | 0.020 | 0.020 | 0.023 | 0.026 | 0.042 | 0.019 | 0.020 | 0.019 | 0.016 | 0.016 | 
query 3: | 0.067 | 0.064 | 0.068 | 0.068 | 0.067 | 0.061 | 0.069 | 0.060 | 0.057 | 0.059 | 
query 4: | 0.300 | 0.287 | 0.318 | 0.295 | 0.305 | 0.300 | 0.286 | 0.300 | 0.282 | 0.288 | 
query 5: | 0.013 | 0.016 | 0.021 | 0.020 | 0.022 | 0.017 | 0.015 | 0.015 | 0.012 | 0.015 | 
query 6: | 0.000 | 0.000 | 0.380 | 0.357 | 0.378 | 0.000 | 0.000 | 0.000 | 0.000 | 0.346 | 

897 sec

[[[0.08272123336791992, 0.08030311266581218, 0.08301448822021484, 0.07784593105316162, 0.0870056947072347, 0.0681304931640625, 0.07537861665089925, 0.0691443681716919, 0.06850171089172363, 0.06557015577952068], [0.020074884096781414, 0.020233710606892902, 0.022115151087443035, 0.026346007982889812, 0.040151635805765785, 0.02002871036529541, 0.02062050501505534, 0.018140276273091633, 0.015877922375996906, 0.016654809315999348], [0.06571304798126221, 0.06732118129730225, 0.06607349713643391, 0.06730846563975017, 0.063894788424174, 0.06589921315511067, 0.06490115324656169, 0.06289589405059814, 0.05615313847859701, 0.0596386194229126], [0.29933468500773114, 0.2852768898010254, 0.3172432978947957, 0.2973962227503459, 0.3106244405110677, 0.2970579465230306, 0.2854633728663127, 0.29694664478302, 0.2826595703760783, 0.282997727394104], [0.01563862959543864, 0.014609138170878092, 0.021814266840616863, 0.018537282943725586, 0.0218356450398763, 0.01621079444885254, 0.017386317253112793, 0.01376493771870931, 0.015485445658365885, 0.013309637705485025], [0, 0, 0.3793129523595174, 0.3597077925999959, 0.38343552748362225, 0, 0, 0, 0, 0.34214282035827637]]]
         |model 1|model 2|model 3|model 4|model 5|model 6|model 7|model 8|model 9|model10|
query 1: | 0.083 | 0.080 | 0.083 | 0.078 | 0.087 | 0.068 | 0.075 | 0.069 | 0.069 | 0.066 | 
query 2: | 0.020 | 0.020 | 0.022 | 0.026 | 0.040 | 0.020 | 0.021 | 0.018 | 0.016 | 0.017 | 
query 3: | 0.066 | 0.067 | 0.066 | 0.067 | 0.064 | 0.066 | 0.065 | 0.063 | 0.056 | 0.060 | 
query 4: | 0.299 | 0.285 | 0.317 | 0.297 | 0.311 | 0.297 | 0.285 | 0.297 | 0.283 | 0.283 | 
query 5: | 0.016 | 0.015 | 0.022 | 0.019 | 0.022 | 0.016 | 0.017 | 0.014 | 0.015 | 0.013 | 
query 6: | 0.000 | 0.000 | 0.379 | 0.360 | 0.383 | 0.000 | 0.000 | 0.000 | 0.000 | 0.342 |