linux: 5 - median - 11 - mean

[[[0.057514103976162995, 0.05699170719493519, 0.057506257837468926, 0.05494585904208096, 0.05297702009027654, 0.05439131910150701, 0.051058660853992806, 0.04652742906050249, 0.04903359846635298, 0.05045650222084739], [0.01650129665027965, 0.016266302628950638, 0.01671641523187811, 0.01777085390957919, 0.018454790115356445, 0.015452038158069958, 0.01690639149058949, 0.0164836970242587, 0.015056956898082386, 0.015040159225463867], [0.05761150880293413, 0.0569018233906139, 0.0576835112138228, 0.058731707659634674, 0.05929656462235884, 0.05426799167286266, 0.05517803538929333, 0.053320516239513054, 0.05182225053960627, 0.05131485245444558], [0.36035201766274194, 0.32136422937566583, 0.35660648345947266, 0.33749814466996625, 0.3348208557475697, 0.335531928322532, 0.3196727145801891, 0.32997751235961914, 0.3168097842823375, 0.3209494243968617], [0.014701279726895418, 0.016090414740822533, 0.019672263752330433, 0.016138835386796432, 0.01905590837652033, 0.013920047066428444, 0.013606569983742454, 0.014401392503218218, 0.014302318746393377, 0.0132419846274636], [0.0003195242448286577, 0.0002894835038618608, 0.411491567438299, 0.39652308550747956, 0.4083553444255482, 0.0002972646193070845, 0.00032537633722478694, 0.0002814856442538175, 0.0003050674091685902, 0.3841026479547674]]]
         |model 1|model 2|model 3|model 4|model 5|model 6|model 7|model 8|model 9|model10|
query 1: | 0.058 | 0.057 | 0.058 | 0.055 | 0.053 | 0.054 | 0.051 | 0.047 | 0.049 | 0.050 | 
query 2: | 0.017 | 0.016 | 0.017 | 0.018 | 0.018 | 0.015 | 0.017 | 0.016 | 0.015 | 0.015 | 
query 3: | 0.058 | 0.057 | 0.058 | 0.059 | 0.059 | 0.054 | 0.055 | 0.053 | 0.052 | 0.051 | 
query 4: | 0.360 | 0.321 | 0.357 | 0.337 | 0.335 | 0.336 | 0.320 | 0.330 | 0.317 | 0.321 | 
query 5: | 0.015 | 0.016 | 0.020 | 0.016 | 0.019 | 0.014 | 0.014 | 0.014 | 0.014 | 0.013 | 
query 6: | 0.000 | 0.000 | 0.411 | 0.397 | 0.408 | 0.000 | 0.000 | 0.000 | 0.000 | 0.384 | 

[[[0.05577154593034224, 0.05029190670360218, 0.056592030958695846, 0.05447058244185014, 0.05273860151117498, 0.05462609637867321, 0.056595108725807884, 0.05167841911315918, 0.05114026503129439, 0.04781009934165261], [0.01609063148498535, 0.01611252264543013, 0.015391328118064186, 0.018253044648603958, 0.019360152157870205, 0.015700253573330967, 0.015489968386563387, 0.017007264223965732, 0.014656478708440607, 0.015323075381192293], [0.0557426322590221, 0.0555435527454723, 0.05755511197176846, 0.06005677309903232, 0.05960711565884677, 0.05484010956504128, 0.05764636126431552, 0.05358479239723899, 0.0525589639490301, 0.05136741291392933], [0.34397344155745074, 0.3217049511996182, 0.3561035286296498, 0.3322996442968195, 0.3253998106176203, 0.3349486264315518, 0.331979058005593, 0.3332955620505593, 0.32535552978515625, 0.3109231645410711], [0.016506368463689632, 0.013944062319668856, 0.017480568452314896, 0.01679498499090021, 0.020076838406649502, 0.013950564644553444, 0.016247575933283024, 0.01253089037808505, 0.012043866244229403, 0.012701403010975231], [0.00033211708068847656, 0.00026761401783336294, 0.4191936362873424, 0.39641920003024017, 0.39229655265808105, 0.00029568238691850144, 0.0004320578141645952, 0.0002773241563276811, 0.00031575289639559657, 0.3681954470547763]]]
         |model 1|model 2|model 3|model 4|model 5|model 6|model 7|model 8|model 9|model10|
query 1: | 0.056 | 0.050 | 0.057 | 0.054 | 0.053 | 0.055 | 0.057 | 0.052 | 0.051 | 0.048 | 
query 2: | 0.016 | 0.016 | 0.015 | 0.018 | 0.019 | 0.016 | 0.015 | 0.017 | 0.015 | 0.015 | 
query 3: | 0.056 | 0.056 | 0.058 | 0.060 | 0.060 | 0.055 | 0.058 | 0.054 | 0.053 | 0.051 | 
query 4: | 0.344 | 0.322 | 0.356 | 0.332 | 0.325 | 0.335 | 0.332 | 0.333 | 0.325 | 0.311 | 
query 5: | 0.017 | 0.014 | 0.017 | 0.017 | 0.020 | 0.014 | 0.016 | 0.013 | 0.012 | 0.013 | 
query 6: | 0.000 | 0.000 | 0.419 | 0.396 | 0.392 | 0.000 | 0.000 | 0.000 | 0.000 | 0.368 | 

MIN:
[[[0.045557403564453126, 0.04601683616638184, 0.04898056983947754, 0.04569878578186035, 0.044218587875366214, 0.0482123851776123, 0.045911312103271484, 0.04280405044555664, 0.04367513656616211, 0.041774415969848634], [0.01185760498046875, 0.014708471298217774, 0.013501501083374024, 0.013848257064819337, 0.01452169418334961, 0.01305980682373047, 0.011156892776489258, 0.013287973403930665, 0.013897848129272462, 0.012000846862792968], [0.052439546585083006, 0.052491188049316406, 0.05242776870727539, 0.055400848388671875, 0.057287406921386716, 0.051189231872558597, 0.051137447357177734, 0.04965710639953613, 0.04811668395996094, 0.04866800308227539], [0.32768964767456055, 0.3163546085357666, 0.3400715351104736, 0.3293450832366943, 0.33474483489990237, 0.32251176834106443, 0.30430121421813966, 0.3217940807342529, 0.30919294357299804, 0.31051034927368165], [0.015311336517333985, 0.010332822799682617, 0.016273117065429686, 0.012897443771362305, 0.01594686508178711, 0.010701513290405274, 0.013745546340942383, 0.010662174224853516, 0.011304378509521484, 0.008404684066772462], [0.0002679347991943359, 0.00026402473449707033, 0.40258011817932127, 0.39127840995788576, 0.4055119514465332, 0.0002574443817138672, 0.00024261474609375, 0.00028896331787109375, 0.000279998779296875, 0.3693120002746582]]]
         |model 1|model 2|model 3|model 4|model 5|model 6|model 7|model 8|model 9|model10|
query 1: | 0.046 | 0.046 | 0.049 | 0.046 | 0.044 | 0.048 | 0.046 | 0.043 | 0.044 | 0.042 | 
query 2: | 0.012 | 0.015 | 0.014 | 0.014 | 0.015 | 0.013 | 0.011 | 0.013 | 0.014 | 0.012 | 
query 3: | 0.052 | 0.052 | 0.052 | 0.055 | 0.057 | 0.051 | 0.051 | 0.050 | 0.048 | 0.049 | 
query 4: | 0.328 | 0.316 | 0.340 | 0.329 | 0.335 | 0.323 | 0.304 | 0.322 | 0.309 | 0.311 | 
query 5: | 0.015 | 0.010 | 0.016 | 0.013 | 0.016 | 0.011 | 0.014 | 0.011 | 0.011 | 0.008 | 
query 6: | 0.000 | 0.000 | 0.403 | 0.391 | 0.406 | 0.000 | 0.000 | 0.000 | 0.000 | 0.369 |

[[[0.04782543182373047, 0.04490575790405273, 0.04882912635803223, 0.04930887222290039, 0.044419050216674805, 0.04387516975402832, 0.04507403373718262, 0.04293746948242187, 0.04376068115234375, 0.04166655540466309], [0.013295221328735351, 0.011199712753295898, 0.011949396133422852, 0.013276338577270508, 0.014487028121948242, 0.014331817626953125, 0.014452743530273437, 0.010713148117065429, 0.014590740203857422, 0.01054835319519043], [0.051634931564331056, 0.05088663101196289, 0.05324764251708984, 0.0562103271484375, 0.056840372085571286, 0.050944948196411134, 0.050613784790039064, 0.05008001327514648, 0.04953775405883789, 0.0468839168548584], [0.3261350154876709, 0.3099357128143311, 0.34619770050048826, 0.32597713470458983, 0.34040422439575196, 0.31760454177856445, 0.30648112297058105, 0.3272850513458252, 0.3217315673828125, 0.30648221969604494], [0.011371088027954102, 0.01275649070739746, 0.016204404830932616, 0.012558317184448243, 0.0177520751953125, 0.012340974807739259, 0.011632585525512695, 0.012372398376464843, 0.011765527725219726, 0.010112524032592773], [0.0003002166748046875, 0.0002593517303466797, 0.40726165771484374, 0.388523006439209, 0.4141659736633301, 0.0002537250518798828, 0.0002526283264160156, 0.0002584934234619141, 0.0002500057220458984, 0.36631598472595217]]]
         |model 1|model 2|model 3|model 4|model 5|model 6|model 7|model 8|model 9|model10|
query 1: | 0.048 | 0.045 | 0.049 | 0.049 | 0.044 | 0.044 | 0.045 | 0.043 | 0.044 | 0.042 | 
query 2: | 0.013 | 0.011 | 0.012 | 0.013 | 0.014 | 0.014 | 0.014 | 0.011 | 0.015 | 0.011 | 
query 3: | 0.052 | 0.051 | 0.053 | 0.056 | 0.057 | 0.051 | 0.051 | 0.050 | 0.050 | 0.047 | 
query 4: | 0.326 | 0.310 | 0.346 | 0.326 | 0.340 | 0.318 | 0.306 | 0.327 | 0.322 | 0.306 | 
query 5: | 0.011 | 0.013 | 0.016 | 0.013 | 0.018 | 0.012 | 0.012 | 0.012 | 0.012 | 0.010 | 
query 6: | 0.000 | 0.000 | 0.407 | 0.389 | 0.414 | 0.000 | 0.000 | 0.000 | 0.000 | 0.366 |

windows:

[[0.033431053161621094, 0.028839969635009767, 0.030182695388793944, 0.030466079711914062, 0.028008699417114258, 0.028600740432739257, 0.028009033203125, 0.02765049934387207, 0.027341461181640624], [0.009599924087524414, 0.0077151298522949215, 0.007892131805419922, 0.007700204849243164, 0.010199689865112304, 0.006639862060546875, 0.006499814987182617, 0.006600332260131836, 0.006207990646362305], [0.03339924812316895, 0.030600881576538085, 0.03220415115356445, 0.032022857666015626, 0.032908391952514646, 0.03072819709777832, 0.02959280014038086, 0.02919926643371582, 0.029177141189575196], [0.20423336029052735, 0.19721155166625975, 0.21514501571655273, 0.204140043258667, 0.21036062240600586, 0.20503005981445313, 0.19826292991638184, 0.20737905502319337, 0.20009031295776367], [0.010300254821777344, 0.008900260925292969, 0.009800052642822266, 0.009100103378295898, 0.011500072479248048, 0.008999967575073242, 0.007895898818969727, 0.007200288772583008, 0.006900501251220703], [0.0004993915557861328, 0.0004994869232177734, 0.2471327781677246, 0.2396681785583496, 0.25051288604736327, 0.0004999160766601563, 0.0004995822906494141, 0.0004997730255126953, 0.0003994941711425781]]
         |model 1|model 2|model 3|model 4|model 5|model 6|model 7|model 8|model 9|
query 1: |0.033  |0.029  |0.030  |0.030  |0.028  |0.029  |0.028  |0.028  |0.027  |
query 2: |0.010  |0.008  |0.008  |0.008  |0.010  |0.007  |0.006  |0.007  |0.006  |
query 3: |0.033  |0.031  |0.032  |0.032  |0.033  |0.031  |0.030  |0.029  |0.029  |
query 4: |0.204  |0.197  |0.215  |0.204  |0.210  |0.205  |0.198  |0.207  |0.200  |
query 5: |0.010  |0.009  |0.010  |0.009  |0.012  |0.009  |0.008  |0.007  |0.007  |
query 6: |0.000  |0.000  |0.247  |0.240  |0.251  |0.000  |0.000  |0.000  |0.000  |

[[0.03423771858215332, 0.03001723289489746, 0.030101966857910157, 0.02953934669494629, 0.028155708312988283, 0.02865591049194336, 0.028650283813476562, 0.027895355224609376, 0.026820659637451172], [0.009201669692993164, 0.007701301574707031, 0.0078012943267822266, 0.007999801635742187, 0.01056499481201172, 0.006501436233520508, 0.006600379943847656, 0.006300163269042969, 0.0061000347137451175], [0.032917451858520505, 0.031203031539916992, 0.032002735137939456, 0.03215742111206055, 0.03335905075073242, 0.030496740341186525, 0.029659461975097657, 0.029407167434692384, 0.028500175476074217], [0.20512690544128417, 0.19891486167907715, 0.21272010803222657, 0.20279932022094727, 0.21084771156311036, 0.20477280616760254, 0.20006608963012695, 0.20665087699890136, 0.19922223091125488], [0.010200309753417968, 0.009093952178955079, 0.009601116180419922, 0.009291505813598633, 0.011601734161376952, 0.008500003814697265, 0.007814502716064453, 0.007202959060668946, 0.006900310516357422], [0.0004993915557861328, 0.0004994392395019532, 0.24691944122314452, 0.23904132843017578, 0.25016322135925295, 0.0004996299743652344, 0.0004998683929443359, 0.0004999160766601563, 0.0004999637603759766]]
         |model 1|model 2|model 3|model 4|model 5|model 6|model 7|model 8|model 9|
query 1: |0.034  |0.030  |0.030  |0.030  |0.028  |0.029  |0.029  |0.028  |0.027  |
query 2: |0.009  |0.008  |0.008  |0.008  |0.011  |0.007  |0.007  |0.006  |0.006  |
query 3: |0.033  |0.031  |0.032  |0.032  |0.033  |0.030  |0.030  |0.029  |0.029  |
query 4: |0.205  |0.199  |0.213  |0.203  |0.211  |0.205  |0.200  |0.207  |0.199  |
query 5: |0.010  |0.009  |0.010  |0.009  |0.012  |0.009  |0.008  |0.007  |0.007  |
query 6: |0.000  |0.000  |0.247  |0.239  |0.250  |0.000  |0.000  |0.000  |0.000  |


syntetisch:
[[[0.04987545013427734, 0.043242692947387695, 0.043912076950073244, 0.04261479377746582, 0.04360642433166504, 0.043072986602783206, 0.04459996223449707, 0.04162416458129883, 0.04202356338500977], [0.008443260192871093, 0.00685429573059082, 0.006655120849609375, 0.00605926513671875, 0.013670587539672851, 0.006556177139282226, 0.005860662460327149, 0.005562829971313477, 0.005661392211914062], [0.04966731071472168, 0.04830765724182129, 0.044758272171020505, 0.04381680488586426, 0.0543828010559082, 0.04531130790710449, 0.04321894645690918, 0.04295330047607422, 0.042564916610717776], [1.0914132118225097, 1.1014651775360107, 1.1145888328552247, 1.1644001007080078, 1.1724480152130128, 1.1469073295593262, 1.1617082118988038, 1.1731971740722655, 1.1910611152648927], [0.006953763961791992, 0.006953239440917969, 0.00605931282043457, 0.006052780151367188, 0.006556129455566407, 0.005562639236450196, 0.005562829971313477, 0.005562114715576172, 0.005463504791259765], [0.0004962921142578125, 0.0004961967468261718, 1.279177713394165, 1.3346564292907714, 1.342505407333374, 0.0002978801727294922, 0.0004960536956787109, 0.0004960060119628906, 0.0002979755401611328]]]
         |model 1|model 2|model 3|model 4|model 5|model 6|model 7|model 8|model 9|
query 1: | 0.050 | 0.043 | 0.044 | 0.043 | 0.044 | 0.043 | 0.045 | 0.042 | 0.042 |
query 2: | 0.008 | 0.007 | 0.007 | 0.006 | 0.014 | 0.007 | 0.006 | 0.006 | 0.006 |
query 3: | 0.050 | 0.048 | 0.045 | 0.044 | 0.054 | 0.045 | 0.043 | 0.043 | 0.043 |
query 4: | 1.091 | 1.101 | 1.115 | 1.164 | 1.172 | 1.147 | 1.162 | 1.173 | 1.191 |
query 5: | 0.007 | 0.007 | 0.006 | 0.006 | 0.007 | 0.006 | 0.006 | 0.006 | 0.005 |
query 6: | 0.000 | 0.000 | 1.279 | 1.335 | 1.343 | 0.000 | 0.000 | 0.000 | 0.000 |