# raw
res1 = [[[0.31581735610961914, 0.316461443901062, 0.2972449064254761, 0.30834710597991943, 0.31610798835754395]], [[0.31742382049560547, 0.32586634159088135, 0.3242994546890259, 0.3321026563644409, 0.323238730430603]], [[0.3202708959579468, 0.3297187089920044, 0.3758777379989624, 0.3132728338241577, 0.3390456438064575]], [[0.32495248317718506, 0.34338557720184326, 0.3421649932861328, 0.382671594619751, 0.3440277576446533]], [[0.3710055351257324, 0.34922969341278076, 0.3755371570587158, 0.31953907012939453, 0.34186267852783203]], [[0.3620065450668335, 0.3730134963989258, 0.37717926502227783, 0.3509582281112671, 0.3479503393173218]], [[0.35990142822265625, 0.3673804998397827, 0.348044753074646, 0.3825486898422241, 0.35394370555877686]], [[0.36579716205596924, 0.4142543077468872, 0.349450945854187, 0.3481963872909546, 0.37901735305786133]], [[0.3651919364929199, 0.36757636070251465, 0.4271751642227173, 0.355518102645874, 0.3768390417098999]], [[0.3596668243408203, 0.3457832336425781, 0.40120089054107666, 0.3930472135543823, 0.3863186836242676]], [[0.42096197605133057, 0.3691260814666748, 0.37250328063964844, 0.3891184329986572, 0.39053165912628174]]]

res2 = [[[0.3190326690673828, 0.30399465560913086, 0.32741880416870117, 0.3193955421447754, 0.3293631076812744]], [[0.29203248023986816, 0.31877994537353516, 0.2993462085723877, 0.3318209648132324, 0.3216133117675781]], [[0.3041362762451172, 0.33025431632995605, 0.30800914764404297, 0.30004000663757324, 0.31052565574645996]], [[0.3214991092681885, 0.32016563415527344, 0.317523717880249, 0.31156015396118164, 0.30679821968078613]], [[0.3161275386810303, 0.2987809181213379, 0.30222320556640625, 0.3158102035522461, 0.3177196979522705]], [[0.3272683620452881, 0.30645227432250977, 0.31587886810302734, 0.3169841766357422, 0.35596132278442383]], [[0.31166863441467285, 0.32210350036621094, 0.3469271659851074, 0.3294966220855713, 0.3586735725402832]], [[0.3194923400878906, 0.33059072494506836, 0.30536341667175293, 0.31070446968078613, 0.35825276374816895]], [[0.31354618072509766, 0.32853245735168457, 0.32681894302368164, 0.3440113067626953, 0.31135106086730957]], [[0.3243536949157715, 0.31683349609375, 0.3362283706665039, 0.3459947109222412, 0.3090353012084961]], [[0.3324849605560303, 0.3487386703491211, 0.3344752788543701, 0.3375980854034424, 0.3508565425872803]]]


# median = 5
res1 = [[[0.30747389793395996, 0.3020329475402832, 0.30664944648742676, 0.3044455051422119, 0.29869019985198975]], [[0.3374934196472168, 0.31201863288879395, 0.3029102087020874, 0.3096134662628174, 0.3132673501968384]], [[0.3089708089828491, 0.31796371936798096, 0.32004761695861816, 0.3126600980758667, 0.3300468921661377]], [[0.3216143846511841, 0.3273056745529175, 0.31213390827178955, 0.316292405128479, 0.32383298873901367]], [[0.32285892963409424, 0.3319072723388672, 0.3198816776275635, 0.3166215419769287, 0.3121650218963623]], [[0.3314509391784668, 0.33919811248779297, 0.3290356397628784, 0.32667994499206543, 0.33666813373565674]], [[0.33795714378356934, 0.3285785913467407, 0.32093358039855957, 0.34092044830322266, 0.3270770311355591]], [[0.3585994243621826, 0.3474597930908203, 0.3388596773147583, 0.34146034717559814, 0.33688080310821533]], [[0.3464505672454834, 0.35600852966308594, 0.3388477563858032, 0.3399542570114136, 0.3470478057861328]], [[0.34879183769226074, 0.35839343070983887, 0.3562980890274048, 0.35866641998291016, 0.35130250453948975]], [[0.3641113042831421, 0.3581535816192627, 0.3588770627975464, 0.3523674011230469, 0.34496092796325684]]]

res2 = [[[0.29714059829711914, 0.29281139373779297, 0.29756617546081543, 0.29843783378601074, 0.29461026191711426]], [[0.29984402656555176, 0.30460476875305176, 0.2979722023010254, 0.3006739616394043, 0.2950136661529541]], [[0.292449951171875, 0.31788086891174316, 0.3103773593902588, 0.292339563369751, 0.30208873748779297]], [[0.30591535568237305, 0.2941606044769287, 0.2986314296722412, 0.3007466793060303, 0.30333900451660156]], [[0.2928445339202881, 0.29773759841918945, 0.31015610694885254, 0.30226778984069824, 0.302628755569458]], [[0.3142201900482178, 0.29521870613098145, 0.298997163772583, 0.3074972629547119, 0.3064570426940918]], [[0.292910099029541, 0.29383111000061035, 0.2969202995300293, 0.3127443790435791, 0.3119680881500244]], [[0.2934706211090088, 0.2936084270477295, 0.30002784729003906, 0.3004634380340576, 0.2958555221557617]], [[0.2984156608581543, 0.29797816276550293, 0.3119664192199707, 0.304934024810791, 0.30917930603027344]], [[0.32617688179016113, 0.2957324981689453, 0.30013442039489746, 0.29477834701538086, 0.3169441223144531]], [[0.3035311698913574, 0.3090779781341553, 0.30571913719177246, 0.2955634593963623, 0.30615687370300293]]]


newres = [([median(l)] for l in sublist) for sublist in res]

#print(_plot_results_increasing_alternatives(range(0,301,30),res,querylist=[4],modellist=[1,1,1,1,1],increasing_alternatives=False))

print(_plot_results_increasing_alternatives(range(0,301,30),newres,querylist=[4],modellist=[1],increasing_alternatives=False))