Ergebnisse von Abschnitt 4.2.4

# result[x][y][z] hat die Laufzeit von Schritt x, Query y und Modellierung z.

results = [[[0.12146158218383789, 0.20586705207824707, 0.1522402286529541, 0.5295116424560546, 0.1784125328063965, 0.1107492446899414, 0.17753276824951172, 0.08656835556030273, 0.03939909934997558, 0.03686814308166504], [0.09744672775268555, 0.1934804916381836, 0.13066182136535645, 0.5652708530426025, 0.0614260196685791, 0.08849496841430664, 0.19286704063415527, 0.10331888198852539, 0.06465864181518555, 0.06954307556152343], [0.17564682960510253, 0.3634369373321533, 0.25315704345703127, 1.0774628162384032, 0.20323514938354492, 0.14735612869262696, 0.3568920612335205, 0.1632537364959717, 0.0955817699432373, 0.09781737327575683], [2.7924389362335207, 1.8779133796691894, 4.672638893127441, 3.2963751792907714, 4.539463186264038, 2.6091352462768556, 1.895986270904541, 1.7410161018371582, 1.425340175628662, 1.4361600875854492], [0.9034027099609375, 0.6562295436859131, 1.2350183010101319, 1.1041651725769044, 1.8131326198577882, 0.8318238735198975, 0.661337947845459, 0.47704215049743653, 0.3694452285766602, 0.368222713470459], [0.0, 0.0, 6.191242122650147, 4.073076057434082, 8.206617212295532, 0.0, 0.0, 0.0, 0.0, 1.9546846866607666]]]

         |model 1|model 2|model 3|model 4|model 5|model 6|model 7|model 8|model9a|model9b|
query 1: | 0.121 | 0.206 | 0.152 | 0.530 | 0.178 | 0.111 | 0.178 | 0.087 | 0.039 | 0.037 | 
query 2: | 0.097 | 0.193 | 0.131 | 0.565 | 0.061 | 0.088 | 0.193 | 0.103 | 0.065 | 0.070 | 
query 3: | 0.176 | 0.363 | 0.253 | 1.077 | 0.203 | 0.147 | 0.357 | 0.163 | 0.096 | 0.098 | 
query 4: | 2.792 | 1.878 | 4.673 | 3.296 | 4.539 | 2.609 | 1.896 | 1.741 | 1.425 | 1.436 | 
query 5: | 0.903 | 0.656 | 1.235 | 1.104 | 1.813 | 0.832 | 0.661 | 0.477 | 0.369 | 0.368 | 
query 6: | 0.000 | 0.000 | 6.191 | 4.073 | 8.207 | 0.000 | 0.000 | 0.000 | 0.000 | 1.955 | 

# full runtime: 7262 seconds
